750
861 873
993 995
885 929
837 912
847 977
894 960
796 937
744 862
797 947
795 915
840 932
813 832
817 881
814 858
856 988
721 833
846 956
714 801
751 872
619 689
982 991
735 841
740 853
617 681
615 664
620 695
511 715
716 825
469 579
670 920
665 879
726 835
543 930
470 582
661 857
701 760
686 973
800 953
471 585
581 609
521 769
703 794
553 958
765 891
770 903
409 710
458 503
392 545
408 709
674 943
513 753
461 563
808 984
475 595
524 810
447 478
522 774
697 705
454 495
289 608
583 622
339 717
262 343
482 657
386 464
544 949
341 720
643 763
263 384
675 952
415 871
455 501
413 789
481 651
402 599
344 731
452 492
444 465
494 711
372 928
537 876
572 573
394 577
204 782
162 542
438 934
422 882
249 974
169 589
612 624
518 758
383 428
376 385
242 941
625 737
525 818
183 673
490 684
571 996
256 335
401 580
662 866
424 911
653 805
155 419
327 660
304 632
27 190
200 762
94 578
318 636
8 54
534 838
307 633
407 628
566 967
20 152
414 816
88 558
150 395
270 484
108 749
15 97
243 946
459 517
114 750
410 759
368 897
528 834
547 957
443 990
118 798
562 965
44 324
105 699
153 417
67 449
285 535
31 221
91 564
195 685
101 603
321 637
259 337
231 901
330 666
137 191
26 180
345 773
388 529
382 390
236 909
297 631
405 601
138 237
371 910
434 919
426 918
10 79
474 590
99 600
252 269
51 403
182 659
350 781
49 398
156 466
130 980
147 310
373 961
157 476
52 418
144 291
273 498
72 496
133 985
188 683
336 676
365 828
355 806
199 752
173 635
290 630
227 898
375 981
32 253
134 999
80 523
12 84
146 295
338 698
151 399
266 432
129 945
288 607
30 207
93 568
40 322
165 552
244 968
353 793
437 927
6 53
234 904
18 104
280 510
226 884
172 634
115 783
250 979
271 487
160 527
124 902
163 548
168 586
171 618
366 868
331 668
238 940
359 824
125
550
217
22
761
83
154
109
28
95 587
113
179
143 264
241
218 788
294
557
546
85 119
71 117
723
127
76 512
260
0 37
497
36 306
47 363
123 892
745
196
78
286
728
732
197
66 82
771
102 696
802
962
224 246
219
472
725
314
969
638
645
588
779
416
198 700
488
567
46 68
890
836
214 215
96 598
55 69
128 185
59 86
61 427
116 175
248 257
2 64
65 445
223 883
57 58
131 158
161 206
13
606
287
211
38
145
247
87
275
561
19
320
913
746
555
277
254
181
50
149
216
468
201
480
387
559
300
329
404
706
367
964
187
301
939
508
775
889
924
381
942
576
623
739
867
799
877
654
126 916
994
950
954
5
34
433
148
411
103
485
803
451
11
4
880
90
81
450
228
281
89
92
370
23
139
423
756
899
313
364
644
509
648
302
166
296
479
349
777
348
551
467
360
616
755
768
629
887
679
457
504
704
972
830
429
757
539
729
541
677
792
855
923
864
963
35
70
265
98
106
202
627
21
860
641
992
389
507
499
532
9
167
208
907
688
48
896
936
292
463
905
736
500
530
986
614
594
712
462
305
613
456
900
549
926
951
570
25
111
554
650
3
516
251
663
870
970
584
436
189
391
159
272
987
533
120
502
707
41
361
352
708
831
245
878
435
845
610
347
944
671
393
812
743
718
820
844
888
921
998
142
178
279
719
39
786
60
233
358
460
267
255
526
225
229
232
400
261
311
442
906
935
284
597
203
328
605
815
73
396
278
299
922
865
669
687
362
369
406
886
421
596
604
852
430
754
483
821
863
978
213
62
140
63
439
7
440
446
29
24
100
827
724
193
309
536
283
593
514
222
560
177
787
473
656
319
997
212
851
849
693
727
682
274
931
850
591
240
565
640
776
804
811
839
875
908
925
933
975
315
136
121
174
785
186
1
298
45
209
519
822
713
77
809
380
75
239
819
346
377
425
342
702
303
611
540
791
184
672
658
652
733
378
667
312
520
823
332
778
486
690
790
742
680
412
356
826
453
869
574
807
489
491
893
692
874
917
842
895
983
354
334
132
112
74
107
258
351
357
110
293
938
164
176
515
230
531
848
235
397
741
441
325
829
170
205
374
655
316
621
678
747
955
538
647
323
914
326
340
379
854
431
556
575
592
730
738
764
767
772
843
966
976
220
602
333
14
43
16
135
17
33
477
210
42
276
141
646
766
493
859
722
694
192
642
194
268
420
282
308
317
691
448
505
506
569
959
626
639
649
734
748
780
784
948
971
989
56
122
